xpos	ypos	fdur	subj	trial	fixation
12.905	15.53	263	1	10	1
10.06	17.29	223	1	10	2
8.435	19.4	365	1	10	3
19.65	14.975	242	1	10	4
15.96	17.425	398	1	10	5
5.555	14.235	811	1	10	6
10.68	10.12	298	1	10	7
4.82	14.36	204	1	10	8
5.605	14.05	731	1	10	9
12.14	17.315	368	1	10	10
16.16	17.27	312	1	10	11
10.23	19.665	304	1	10	12
7.5	20.025	448	1	10	13
11.93	19.09	366	1	10	14
22.745	18.155	502	1	10	15
29.595	18.395	419	1	10	16
14.505	18.02	143	1	10	17
16.485	17.42	413	1	10	18
9.68	18.165	168	1	10	19
11.635	17.765	384	1	10	20
7.615	19.065	461	1	10	21
3.66	16.585	220	1	10	22
4.995	16.785	131	1	10	23
6.155	14.17	209	1	10	24
22.965	13.29	586	1	10	25
29.51	11.105	250	1	10	26
10.21	14.465	0	2	11	1
12.005	14.52	235	2	11	2
16.025	16.78	343	2	11	3
15.355	16.965	310	2	11	4
11.4	17.965	313	2	11	5
7.625	19.845	656	2	11	6
10.855	19.855	174	2	11	7
12.07	19.335	281	2	11	8
11.405	17.98	630	2	11	9
16.295	17.115	379	2	11	10
15.595	16.45	175	2	11	11
5.125	14.075	1856	2	11	12
16.19	17.225	1036	2	11	13
14.98	16.74	939	2	11	14
20.77	15.195	268	2	11	15
21.64	15.125	456	2	11	16
15.495	16.79	247	2	11	17
14.825	16.49	224	2	11	18
11.225	17.24	609	2	11	19
7.905	19.79	375	2	11	20
13.31	8.955	198	3	41	1
13.155	11.625	125	3	41	2
11.165	16.455	274	3	41	3
5.72	14.22	213	3	41	4
16.87	13.48	227	3	41	5
20.035	12.47	163	3	41	6
15.21	16.925	176	3	41	7
16.23	17	153	3	41	8
15.245	16.58	357	3	41	9
10.62	11.85	238	3	41	10
16.445	11.375	173	3	41	11
11.21	11.06	238	3	41	12
10.32	11.125	198	3	41	13
11.555	15.745	224	3	41	14
15.49	15.025	113	3	41	15
20.34	10.01	170	3	41	16
17.88	6.03	258	3	41	17
22.12	10.005	204	3	41	18
21.945	11.655	166	3	41	19
10.545	11.455	162	3	41	20
5.4	13.61	480	3	41	21
6.1	11.21	218	3	41	22
8.92	16.61	183	3	41	23
11.435	17.395	253	3	41	24
7.5	18.08	423	3	41	25
4.445	17.36	226	3	41	26
15.05	16.77	206	3	41	27
15.25	16.365	366	3	41	28
9.855	10.6	263	3	41	29
18.61	11.385	188	3	41	30
13.215	15.405	216	3	41	31
15.455	13.5	206	3	41	32
16.51	11.085	227	3	41	33
16.185	14.145	233	3	41	34
15.935	16.27	205	3	41	35
8.39	15.545	180	3	41	36
6.46	18.815	203	3	41	37
7.875	19.01	358	3	41	38
11.23	18.765	213	3	41	39
6.11	18.165	144	3	41	40
14.49	16.265	629	4	46	1
10.445	18.69	219	4	46	2
11.915	17.69	545	4	46	3
7.9	19.815	302	4	46	4
10.3	19.825	262	4	46	5
15.95	16.595	542	4	46	6
16.565	17.135	131	4	46	7
17.19	16.855	392	4	46	8
15.835	16.355	682	4	46	9
20.23	15.08	276	4	46	10
21.47	14.765	173	4	46	11
28.56	17.375	108	4	46	12
29.465	17.945	298	4	46	13
21.62	14.74	391	4	46	14
22.98	12.82	312	4	46	15
23.54	12.935	285	4	46	16
25.43	10.965	275	4	46	17
16.685	11.16	276	4	46	18
14.985	11.29	427	4	46	19
15.655	11.54	106	4	46	20
6.155	13.05	171	4	46	21
5.75	13.785	152	4	46	22
26.67	11.26	195	4	46	23
29.435	10.555	241	4	46	24
25.865	11.175	511	4	46	25
20.885	10.97	206	4	46	26
12.775	11.31	193	4	46	27
17.06	11.465	261	4	46	28
11.87	14.215	230	4	46	29
7.385	15.855	137	4	46	30
8.645	3.895	192	5	44	1
11.435	12.53	168	5	44	2
10.545	18.505	385	5	44	3
12.24	17.6	167	5	44	4
16.18	16.62	346	5	44	5
11.165	17.87	466	5	44	6
26.03	13.51	284	5	44	7
10.04	9.565	496	5	44	8
23.115	11.715	134	5	44	9
28.135	14.125	631	5	44	10
30.08	17.88	331	5	44	11
28.25	13.335	140	5	44	12
12.79	17.345	169	5	44	13
16.205	17.185	855	5	44	14
9.86	16.74	226	5	44	15
7.405	19.29	658	5	44	16
4.45	12.92	208	5	44	17
5.82	13.38	261	5	44	18
11.045	9.255	372	5	44	19
22.885	11.22	139	5	44	20
27.475	13.49	284	5	44	21
29.585	17.52	364	5	44	22
28.31	14.01	365	5	44	23
27.115	11.975	381	5	44	24
19.985	15.42	200	5	44	25
15.9	17.18	322	5	44	26
13.09	17.345	157	5	44	27
10.46	19.675	328	5	44	28
6.09	14.625	182	5	44	29
5.48	13.355	46	5	44	30
15.98	9.97	0	6	14	1
16.365	13.815	258	6	14	2
14.33	16.345	313	6	14	3
16.35	16.625	371	6	14	4
15.37	16.49	326	6	14	5
5.97	13.675	308	6	14	6
10.535	18.985	479	6	14	7
16.765	17.085	553	6	14	8
22.46	17.615	211	6	14	9
29.835	18.43	1659	6	14	10
28.69	13.16	288	6	14	11
28.9	11.655	203	6	14	12
22.535	13.365	229	6	14	13
21.3	14.245	210	6	14	14
23.89	13.785	406	6	14	15
29.74	11.815	210	6	14	16
20.29	9.86	321	6	14	17
10.2	8.615	295	6	14	18
8.26	7.805	363	6	14	19
8.21	10.395	312	6	14	20
20.575	8.825	252	6	14	21
25.38	7.395	260	6	14	22
24.1	18.595	266	6	14	23
21.9	18.41	611	6	14	24
24.06	18.385	264	6	14	25
15.77	17.37	165	6	14	26
16.87	17.385	180	6	14	27
16.42	20.32	123	7	45	1
13.58	16.62	373	7	45	2
4.925	14.19	370	7	45	3
7.04	11.31	226	7	45	4
17.265	15.64	160	7	45	5
25.85	13.725	308	7	45	6
28.955	17.845	178	7	45	7
20.295	16.41	204	7	45	8
11.73	18.765	148	7	45	9
5.475	20.055	292	7	45	10
2.885	18.73	179	7	45	11
6.82	20.29	464	7	45	12
9.705	20.165	301	7	45	13
11.39	19.35	452	7	45	14
15.84	17.04	1130	7	45	15
4.28	13.4	495	7	45	16
19.965	15.55	462	7	45	17
19.02	16.455	256	7	45	18
28.035	13.28	263	7	45	19
30.12	18.975	417	7	45	20
22.01	19.855	384	7	45	21
20.73	19.66	401	7	45	22
23.055	19.15	797	7	45	23
8.275	7.89	455	7	45	24
4.485	20.75	448	7	45	25
11.355	9.445	0	8	4	1
12.315	9.99	176	8	4	2
14.04	14.41	200	8	4	3
15.665	16.7	177	8	4	4
16.39	17.085	138	8	4	5
14.67	16.715	310	8	4	6
6.86	15.83	192	8	4	7
5.045	13.585	455	8	4	8
7.92	17.57	249	8	4	9
10.485	18.295	580	8	4	10
11.57	18.265	239	8	4	11
23.31	14.995	150	8	4	12
27.405	13.595	238	8	4	13
22.79	11.4	260	8	4	14
17.425	12.58	271	8	4	15
11.21	10.78	181	8	4	16
8.925	9.435	402	8	4	17
11.685	13.485	287	8	4	18
13.785	15.475	261	8	4	19
14.555	16.115	229	8	4	20
8.83	18.305	351	8	4	21
6.425	19.535	204	8	4	22
7.225	19.085	416	8	4	23
16.16	16.345	269	8	4	24
20.625	15.925	196	8	4	25
26.415	13.28	370	8	4	26
23.365	11.635	195	8	4	27
18.5	12.23	278	8	4	28
17.52	13.655	271	8	4	29
14.7	13.35	260	8	4	30
13.315	12.475	202	8	4	31
13.32	15.985	230	8	4	32
10.25	17.69	235	8	4	33
11.12	18.08	621	8	4	34
16.47	15.61	154	8	4	35
13.24	16.33	147	9	22	1
10.695	16.885	228	9	22	2
16.25	16.315	231	9	22	3
16.02	17.24	678	9	22	4
9.55	18.605	283	9	22	5
7.675	19.36	664	9	22	6
11.645	19.545	633	9	22	7
9.285	19.47	300	9	22	8
23.87	13.79	439	9	22	9
28.965	12.165	309	9	22	10
29.645	18.34	1212	9	22	11
14.14	10.79	315	9	22	12
8.79	10.12	396	9	22	13
11.06	10.07	168	9	22	14
5.605	13.895	463	9	22	15
4.6	17.32	865	9	22	16
23.355	12.78	521	9	22	17
22.62	12.73	166	9	22	18
18.83	13.23	123	9	22	19
28.805	12.505	477	9	22	20
26.245	5.67	332	9	22	21
22.25	7.005	139	9	22	22
28.565	13.46	262	9	22	23
20.035	13.99	82	9	22	24
18.995	7.755	202	10	16	1
15.915	13.695	197	10	16	2
9.215	16.51	232	10	16	3
11.685	17.94	300	10	16	4
15.14	16.675	326	10	16	5
17.365	13.125	263	10	16	6
19.99	15.135	361	10	16	7
27.59	13.875	356	10	16	8
25.195	18.385	199	10	16	9
29.96	18.705	289	10	16	10
21.005	18.665	257	10	16	11
8.56	19.05	240	10	16	12
25.315	17.97	185	10	16	13
29.83	18.59	912	10	16	14
20.53	18.485	517	10	16	15
9.755	18.455	366	10	16	16
6.855	19.22	343	10	16	17
4.035	16.555	156	10	16	18
3.74	12.785	172	10	16	19
5.295	13.645	227	10	16	20
7.95	10.115	283	10	16	21
13.33	10.16	199	10	16	22
24.17	12.88	229	10	16	23
28.38	11.595	282	10	16	24
24.83	13.83	401	10	16	25
29.14	11.895	532	10	16	26
31.255	8.865	185	10	16	27
22.37	9.315	211	10	16	29
17.07	15.49	190	10	16	30
8.58	18.44	189	10	16	31
7.355	19.34	245	10	16	32
11.6	16.03	372	11	19	1
13.64	17.525	183	11	19	2
15.655	17.385	176	11	19	3
16.445	17.485	177	11	19	4
10.06	18.865	180	11	19	5
11.735	17.925	577	11	19	6
7.41	20.15	319	11	19	7
5.405	14.045	862	11	19	8
14.92	14.73	247	11	19	9
22.57	13.61	359	11	19	10
26.565	12.47	256	11	19	11
29.24	17.235	155	11	19	12
29.98	18.665	379	11	19	13
23.055	19.28	475	11	19	14
20.99	19.635	276	11	19	15
23.72	19.225	268	11	19	16
25.24	19.355	359	11	19	17
29.78	19.07	383	11	19	18
30.26	19.11	692	11	19	19
27.29	8.465	288	11	19	20
20.375	9.645	195	11	19	21
13.755	8.405	186	11	19	22
10.915	9.93	233	11	19	23
6.76	10.475	219	11	19	24
5.3	14.49	536	11	19	25
5.115	18.445	193	11	19	26
6.94	21.21	354	11	19	27
7.655	20.49	476	11	19	28
15.105	9.51	156	12	27	1
15.26	15.805	209	12	27	2
9.685	17.955	204	12	27	3
14.475	17.735	198	12	27	4
16.03	17.57	368	12	27	5
9.835	18.305	181	12	27	6
10.945	18.365	162	12	27	7
6.365	19.355	214	12	27	8
7.365	19.77	180	12	27	9
9.335	20.1	549	12	27	10
11.995	18.895	272	12	27	11
14.27	18.18	330	12	27	12
18.82	15.86	302	12	27	13
20.955	15.795	187	12	27	14
28.22	17.28	164	12	27	15
28.88	18.445	574	12	27	16
27.8	13.555	323	12	27	17
23.44	10.74	227	12	27	18
14.85	5.315	188	12	27	19
8.045	4.195	304	12	27	20
18.01	6.345	132	12	27	21
26.29	12.675	366	12	27	22
25.08	18.07	202	12	27	23
22.29	20.51	176	12	27	24
19.375	18.9	299	12	27	25
19.15	17.015	144	12	27	26
15.855	17.365	507	12	27	27
26.815	14.06	352	12	27	28
14.99	11.265	180	12	27	29
7.415	11.565	399	12	27	30
5.31	13.66	666	12	27	31
21.67	13.835	212	12	27	32
5.76	14.58	178	12	27	33
10.065	18.345	47	12	27	34
13.465	14.31	246	13	45	1
13.24	16.69	291	13	45	2
15.125	16.525	697	13	45	3
11.965	17.515	453	13	45	4
8.57	12.2	221	13	45	5
5.63	13.835	1043	13	45	6
11.385	17.96	492	13	45	7
15.015	16.725	719	13	45	8
16.775	17.27	706	13	45	9
15.245	16.365	808	13	45	10
7.32	19.95	849	13	45	11
10.065	19.93	288	13	45	12
18.455	15.76	267	13	45	13
20.82	14.27	580	13	45	14
21.315	18.615	287	13	45	15
29.96	18.56	608	13	45	16
29.365	12.705	395	13	45	17
24.91	12.21	313	13	45	18
21.11	12.93	401	13	45	19
11.58	17.48	388	14	33	1
10.325	19.09	129	14	33	2
7.745	20.535	1307	14	33	3
5.89	14.695	428	14	33	4
18.795	15.6	279	14	33	5
16.66	16.47	151	14	33	6
23.81	13.395	467	14	33	7
29.29	12.55	282	14	33	8
23.11	13.435	389	14	33	9
28.645	13.15	127	14	33	10
30.105	18.44	376	14	33	11
15.415	17.485	169	14	33	12
16.665	17.385	201	14	33	13
15.675	16.6	501	14	33	14
21.015	19.01	350	14	33	15
27.945	11.35	386	14	33	16
19.7	4.435	240	14	33	17
8.12	5.255	170	14	33	18
7.165	12.485	194	14	33	19
5.705	13.765	366	14	33	20
4.565	17.235	344	14	33	21
7.33	20.075	578	14	33	22
10.2	20.185	263	14	33	23
12.29	19.07	183	14	33	24
16.185	16.585	649	14	33	25
20.625	14.565	243	14	33	26
23.715	13.275	228	14	33	27
19.06	19.665	155	15	16	1
15.795	17.325	1020	15	16	2
7.22	19.73	412	15	16	3
9.85	20.285	195	15	16	4
5.425	13.975	659	15	16	5
9.32	10.325	295	15	16	6
13.475	10.33	264	15	16	7
27.875	12.62	375	15	16	8
23.375	12.415	194	15	16	9
29.45	18.77	1003	15	16	10
21.805	19.13	260	15	16	11
23.385	18.675	217	15	16	12
28.65	5.775	308	15	16	13
9.06	12.595	313	15	16	14
8.145	10.235	282	15	16	15
14.095	10.14	247	15	16	16
6.245	9.925	357	15	16	17
8.32	10.03	285	15	16	18
5.28	14.04	433	15	16	19
11.53	18.245	348	15	16	20
16.645	17.55	297	15	16	21
10.825	19.83	423	15	16	22
7.01	20.305	235	15	16	23
11.68	19.27	706	15	16	24
11.015	16.435	317	16	28	1
12.31	17.555	195	16	28	2
11.27	18.465	549	16	28	3
25.045	13.895	208	16	28	4
28.25	12.275	360	16	28	5
29.9	19.06	856	16	28	6
21.21	18.815	129	16	28	7
10.44	8.345	189	16	28	8
9.74	10.27	356	16	28	9
5.27	14.255	501	16	28	10
4.635	17.985	535	16	28	11
8.15	19.12	378	16	28	12
11.62	18.775	796	16	28	13
14.89	16.505	226	16	28	14
15.69	16.405	205	16	28	15
20.045	14.775	210	16	28	16
22.94	13.49	299	16	28	17
26.085	6.515	267	16	28	18
22.925	12.22	233	16	28	19
21.655	14.205	213	16	28	20
7.53	16.245	214	16	28	21
4.83	13.965	455	16	28	22
4.035	17.605	475	16	28	23
7.365	18.895	216	16	28	24
7.885	19.655	329	16	28	25
7.345	20.435	273	16	28	26
12.535	18.645	142	16	28	27
24.825	14.325	1	16	28	28
17.425	7.94	219	17	28	1
13.6	16.885	417	17	28	2
17.505	15.97	199	17	28	3
16.015	15.91	436	17	28	4
8.39	19.825	289	17	28	5
7.76	19.585	199	17	28	6
14.395	17.495	242	17	28	7
16.495	16.9	1335	17	28	8
11.28	17.56	408	17	28	9
5.155	13.9	292	17	28	10
9.235	9.61	177	17	28	11
26.485	13.57	330	17	28	12
29.57	16.105	281	17	28	13
21.115	18.575	150	17	28	14
8.255	19.005	371	17	28	15
6.215	19.965	338	17	28	16
14.505	18.07	350	17	28	17
21.445	18.14	374	17	28	18
30.005	18.375	618	17	28	19
13.25	17.63	232	17	28	20
11.75	17.68	155	17	28	21
4.45	13.44	169	17	28	22
5.51	13.96	798	17	28	23
6.36	18.08	189	17	28	24
7.34	19.545	556	17	28	25
12.515	18.37	160	17	28	26
19.995	4.91	210	18	8	1
19.42	8.285	194	18	8	2
17.52	14.43	591	18	8	3
20.42	15.81	162	18	8	4
15.215	17.01	385	18	8	5
8.02	19.415	775	18	8	6
4.505	17.38	691	18	8	7
26.935	13.03	747	18	8	8
29.98	18.55	1246	18	8	9
21.65	18.86	589	18	8	10
16.075	17.345	497	18	8	11
10.04	12.805	259	18	8	12
5.695	13.53	1087	18	8	13
7.125	19.49	384	18	8	14
10.07	19.92	251	18	8	15
6.465	20.32	211	18	8	16
13.565	16.385	209	18	8	17
15.565	16.64	152	18	8	18
19.735	15.315	387	18	8	19
17.5	13.95	268	18	8	20
9.645	9.745	309	18	8	21
17.065	14.44	197	19	51	1
14.85	14.975	209	19	51	2
8.415	17.37	261	19	51	3
11.485	17.92	339	19	51	4
15.04	17.045	535	19	51	5
16.465	17.25	395	19	51	6
8.365	20.11	272	19	51	7
7.51	19.68	310	19	51	8
7.26	20.935	298	19	51	9
4.56	17.99	491	19	51	10
8.15	18.12	169	19	51	11
12.88	17.69	216	19	51	12
15.205	16.79	922	19	51	13
16.955	17.52	638	19	51	14
20.525	14.76	265	19	51	15
22.77	13.125	245	19	51	16
27.835	12.735	202	19	51	17
30.095	11.95	178	19	51	18
5.32	12.48	256	19	51	19
6.055	13.735	270	19	51	20
7.595	10.355	388	19	51	21
12.06	17.16	231	19	51	22
19.17	15.855	198	19	51	23
21.635	15.34	264	19	51	24
16.465	17.315	902	19	51	25
14.935	17.455	170	19	51	26
7.48	19.98	561	19	51	27
11.42	12.07	225	20	4	1
12.35	15.065	214	20	4	2
16.175	16.775	1336	20	4	3
8.495	20.06	447	20	4	4
4.78	14.24	695	20	4	5
20.68	16.495	134	20	4	6
27.94	13.42	242	20	4	7
29.895	18.215	1168	20	4	8
21.255	18.93	630	20	4	9
28.765	10.66	558	20	4	10
25.225	5.545	373	20	4	11
15.65	3.925	367	20	4	12
8.935	9.945	318	20	4	13
5.135	13.99	480	20	4	14
3.04	17.98	371	20	4	15
5.645	18.135	227	20	4	16
8.14	18.355	201	20	4	17
13.525	15.845	191	20	4	18
15.735	17.23	291	20	4	19
19.79	15.085	355	20	4	20
21.995	14.645	224	20	4	21
15.555	17.385	221	20	4	22
10.105	19.905	203	20	4	23
19.745	15.085	245	21	9	1
10.845	14.625	155	21	9	2
12.26	18.42	367	21	9	3
16.225	17.1	376	21	9	4
14.615	16.805	230	21	9	5
7.515	19.925	259	21	9	6
13.805	18.425	195	21	9	7
16.435	17.365	443	21	9	8
15.35	16.585	170	21	9	9
26.705	14.055	313	21	9	10
28.965	11.96	164	21	9	11
11.255	18.065	248	21	9	12
7.865	19.84	251	21	9	13
15.04	17.705	228	21	9	14
16.43	17.325	272	21	9	15
10.735	19.495	256	21	9	16
11.745	18.4	388	21	9	17
7.56	19.74	358	21	9	18
6.455	13.62	395	21	9	19
17.455	12.365	280	21	9	20
24	8.05	173	21	9	21
26.995	14.225	221	21	9	22
23.65	17.71	150	21	9	23
30.87	18.62	653	21	9	24
21.74	19.315	436	21	9	25
10.99	19.405	326	21	9	26
15.83	17.32	135	21	9	27
29.92	18.97	183	21	9	28
30.835	18.855	603	21	9	29
10.215	16.875	247	21	9	30
12.125	17.375	172	21	9	31
26.765	15.325	14	21	9	32
17.27	11.095	0	22	12	1
13.255	15.3	658	22	12	2
15.235	17.16	516	22	12	3
8.875	18.535	314	22	12	4
14.57	16.74	762	22	12	5
14.33	11.51	356	22	12	6
22.095	11.08	240	22	12	7
15.84	16.48	339	22	12	8
21.93	16.93	284	22	12	9
28.71	18.415	300	22	12	10
27.535	12.22	269	22	12	11
17.86	13.425	198	22	12	12
7.545	9.57	239	22	12	13
4.645	13.155	842	22	12	14
7.04	18.655	619	22	12	15
13.905	17.295	231	22	12	16
15.67	16.27	827	22	12	17
11.43	17.075	532	22	12	18
21.235	14.055	297	22	12	19
21.66	17.475	334	22	12	20
11.365	17.71	506	22	12	21
5.18	13.51	415	22	12	22
9.25	11.445	153	22	12	23
18.34	14.42	139	23	23	1
14.3	16.235	332	23	23	2
15.705	16.43	494	23	23	3
18.33	13.57	264	23	23	4
7.365	17.96	198	23	23	5
7.69	19.815	576	23	23	6
10.3	16.46	156	23	23	7
13.49	16.295	210	23	23	8
23.49	14.23	156	23	23	9
27.315	13.535	149	23	23	10
16.55	15.745	365	23	23	11
15.615	16.28	184	23	23	12
5.215	14.66	209	23	23	13
5.55	14.305	356	23	23	14
18.885	13.93	384	23	23	15
22.445	13.925	301	23	23	16
23.735	13.67	196	23	23	17
11.78	9.705	314	23	23	18
8.565	15.115	419	23	23	19
10.725	15.23	205	23	23	20
11.855	17.415	406	23	23	21
13.18	12.835	149	23	23	22
12.985	16.25	234	23	23	23
16.885	14.9	132	23	23	24
15.85	16.69	579	23	23	25
16.955	17.425	223	23	23	26
27.915	13.755	357	23	23	27
21.795	17.46	251	23	23	28
11.55	17.23	467	23	23	29
21.31	17.85	433	23	23	30
19.45	15.665	188	23	23	31
4.39	13.335	144	23	23	32
11.23	15.695	225	24	44	1
15.7	14.055	157	24	44	2
11.555	18.41	193	24	44	3
15.76	16.625	665	24	44	4
11.175	18.055	197	24	44	5
5.53	13.87	407	24	44	6
9.72	17.65	217	24	44	7
12.005	17.315	155	24	44	8
15.065	16.565	297	24	44	9
18.725	15.695	208	24	44	10
21.525	13.785	181	24	44	11
16.485	16.995	492	24	44	12
11.315	18.27	362	24	44	13
8.935	19.905	282	24	44	14
19.95	18.54	261	24	44	15
22.285	18.8	460	24	44	16
29.665	18.705	1383	24	44	17
22.535	18.73	345	24	44	18
27.45	13.29	462	24	44	19
22.28	12.9	378	24	44	20
18.38	13.36	342	24	44	21
10.105	11.79	390	24	44	22
10.84	9.815	365	24	44	23
8.755	12.735	327	24	44	24
25.24	12.695	309	24	44	25
8.13	13.735	286	24	44	26
16.105	6.23	135	25	8	1
16.035	8.99	110	25	8	2
14.65	12.24	157	25	8	3
12.705	15.05	199	25	8	4
6.62	14.305	165	25	8	5
11.765	17.25	331	25	8	6
15.35	17.015	411	25	8	7
16.365	17.355	454	25	8	8
15.635	16.295	1331	25	8	9
5.08	13.4	329	25	8	10
4.395	17.725	656	25	8	11
7.77	19.105	451	25	8	12
8.34	19.73	95	25	8	13
7.365	20.34	183	25	8	14
9.86	19.97	302	25	8	15
11.59	19.465	269	25	8	16
20.26	18.74	226	25	8	17
22.035	18.76	128	25	8	18
29.86	18.63	527	25	8	19
29.425	14.12	159	25	8	20
28.82	11.5	412	25	8	21
21.665	13.46	342	25	8	22
23.225	13.24	253	25	8	23
21.775	15.02	370	25	8	24
19.43	15.705	499	25	8	25
17.025	15.69	321	25	8	26
20.225	18.63	369	25	8	27
21.7	23.855	193	25	8	28
4.445	23.565	32	25	8	29
28.49	13.145	173	26	35	1
16.71	12.81	214	26	35	2
11.795	17.055	712	26	35	3
16.515	16.5	973	26	35	4
8.67	18.565	261	26	35	5
7.435	18.915	222	26	35	6
3.67	17.13	288	26	35	7
5.425	13.365	278	26	35	8
4.005	17.93	498	26	35	9
8.225	17.54	372	26	35	10
13.04	16.74	217	26	35	11
21.235	15.305	285	26	35	12
28.555	18.095	296	26	35	13
30.15	18.165	340	26	35	14
23.03	18.33	499	26	35	15
23.775	13.87	302	26	35	16
28.97	12.115	351	26	35	17
22.725	13.24	441	26	35	18
18.55	10.58	226	26	35	19
15.77	15.635	262	26	35	20
16.38	16.43	368	26	35	21
12.165	17.88	293	26	35	22
19.34	17.995	247	26	35	23
10.14	17.91	277	26	35	24
6.085	17.84	290	26	35	25
6.365	13.235	304	26	35	26
11.21	9.975	425	26	35	27
22.015	3.615	90	27	24	1
18.01	8.77	20	27	24	2
15.85	6.09	164	27	24	3
14.405	13.755	303	27	24	4
10.43	16.73	235	27	24	5
5.11	13.65	269	27	24	6
17.42	11.945	294	27	24	7
19.92	9.23	160	27	24	8
10.52	9.325	266	27	24	9
7.57	9.38	204	27	24	10
9.085	18.3	179	27	24	11
11.88	17.555	266	27	24	12
4.95	13.16	438	27	24	13
8.16	13.18	327	27	24	14
9.28	14.545	227	27	24	15
10.255	15.47	227	27	24	16
9.34	16.68	189	27	24	17
16.48	16.005	259	27	24	18
8.33	14.45	292	27	24	19
19.845	13.46	198	27	24	20
27.02	12.43	215	27	24	21
29.32	17.17	297	27	24	22
29.98	18.03	297	27	24	23
29.46	16.325	261	27	24	24
29.735	10.105	244	27	24	25
28.29	3.29	138	27	24	26
2.17	1.38	195	27	24	27
1.87	22.61	109	27	24	28
2.445	25.155	393	27	24	29
2.185	11.035	145	27	24	30
28.965	13.89	30	27	24	31
30.975	24.665	297	27	24	32
17.185	20.105	182	27	24	33
15.125	17.23	161	27	24	34
16.14	14.59	217	27	24	35
15.495	12.65	527	27	24	36
25.435	7.935	119	28	6	1
13.615	15.715	220	28	6	2
11.775	18.35	282	28	6	3
9.6	19.71	222	28	6	4
8.135	19.465	469	28	6	5
16.04	17.31	142	28	6	6
16.9	17.215	342	28	6	7
15.84	16.775	591	28	6	8
10.575	14.96	232	28	6	9
4.4	13.47	189	28	6	10
5.36	14.33	706	28	6	11
7.53	21.065	1252	28	6	12
12.205	19.61	539	28	6	13
12.29	17.965	373	28	6	14
17.115	17.74	777	28	6	15
26.275	14.87	185	28	6	16
27.27	13.94	271	28	6	17
28.645	12.085	342	28	6	18
24.3	14.5	222	28	6	19
22.315	15.575	558	28	6	20
29.01	19.27	156	28	6	21
29.91	19.01	775	28	6	22
27.415	12.605	291	28	6	23
23.755	13.045	136	28	6	24
17.1	3.245	166	29	10	1
15.275	12.475	227	29	10	2
13.665	17.54	330	29	10	3
15.325	17.34	191	29	10	4
8.785	19.325	231	29	10	5
7.22	19.89	383	29	10	6
27.095	15.135	554	29	10	7
28.525	18.36	146	29	10	8
29.95	19.74	651	29	10	9
21.96	19.89	644	29	10	10
23.285	19.5	223	29	10	11
30.255	19.55	478	29	10	12
28.705	12.68	361	29	10	13
10.185	19.465	343	29	10	14
11.395	18.495	335	29	10	15
15.865	17.4	274	29	10	16
14.365	17.145	139	29	10	17
3.875	13.955	228	29	10	18
5.06	14.125	194	29	10	19
10.505	10.55	340	29	10	20
18.27	10.935	273	29	10	21
15.535	10.47	354	29	10	22
11.845	3.87	307	29	10	23
24.94	1.785	447	29	10	24
15.405	9.445	385	29	10	25
5.73	12.99	191	29	10	26
11.075	16.175	357	29	10	27
14.915	16.715	588	29	10	28
25.41	12.535	176	30	43	1
15.01	16.195	754	30	43	2
7.22	19.18	810	30	43	3
5.58	13.51	255	30	43	4
8.93	9.81	423	30	43	5
5.175	13.805	308	30	43	6
13.285	17.4	267	30	43	7
26.09	12.435	610	30	43	8
29.595	18.765	1207	30	43	9
20.325	18.815	798	30	43	10
21.055	6.77	464	30	43	11
23.575	6.545	203	30	43	12
6.66	3.445	280	30	43	13
22.245	2.03	353	30	43	14
18.46	5.135	195	30	43	15
7.56	12.875	274	30	43	16
13.145	17.225	338	30	43	17
11.055	17.8	343	30	43	18
6.125	19.245	381	30	43	19
14.72	15.23	1055	30	43	20
11.17	11.98	282	31	13	1
13.365	14.775	232	31	13	2
14.98	16.44	456	31	13	3
24.015	14.6	232	31	13	4
29.18	12.4	206	31	13	5
30.705	11.26	332	31	13	6
15.19	17.065	299	31	13	7
6.67	18.49	365	31	13	8
7.495	20.39	1915	31	13	9
4.85	15.325	196	31	13	10
5.52	14.21	306	31	13	11
9.705	10.14	438	31	13	12
17.285	10.91	368	31	13	13
25.435	12.74	236	31	13	14
28.715	12.34	186	31	13	15
29.105	11.615	1107	31	13	16
23.61	12.705	248	31	13	17
19.22	13.865	644	31	13	18
20.86	14.215	592	31	13	19
20.875	17.485	200	31	13	20
21.41	19.1	436	31	13	21
29.465	19.06	145	31	13	22
30.125	18.74	61	31	13	23
25.81	17.355	26	32	1	1
16.95	17.765	217	32	1	2
13.785	16.8	177	32	1	3
10.275	13.7	193	32	1	4
8.285	16.83	188	32	1	5
5.275	13.825	349	32	1	6
7.355	9.695	308	32	1	7
10.14	17.875	182	32	1	8
12.015	18.08	398	32	1	9
15.9	16.89	263	32	1	10
22.465	12.96	303	32	1	11
26.915	18.285	144	32	1	12
29.62	18.535	611	32	1	13
21.565	18.035	262	32	1	14
16.815	13.035	244	32	1	15
9.06	9.485	240	32	1	16
6.565	9.695	374	32	1	17
11.785	9.68	222	32	1	18
4.93	13.67	191	32	1	19
7.405	20.495	424	32	1	20
11.815	18.975	819	32	1	21
15.905	16.465	341	32	1	22
26.69	12.115	511	32	1	23
29.07	4.495	285	32	1	24
24.395	6.82	201	32	1	25
12.9	11.415	201	32	1	26
8.25	9.72	215	32	1	27
7.05	9.245	274	32	1	28
9.255	6.055	327	32	1	29
6.73	3.345	312	32	1	30
21.81	3.51	340	32	1	31
22.54	6.49	115	32	1	32
14.45	14.975	248	33	35	1
11.745	12.09	254	33	35	2
15.515	16.425	904	33	35	3
11.335	17.915	400	33	35	4
7.465	18.955	342	33	35	5
9.675	19.43	433	33	35	6
23.1	12.935	529	33	35	7
25.955	13.46	305	33	35	8
29.905	18.46	922	33	35	9
21.59	18.39	249	33	35	10
5.03	14.125	1058	33	35	11
7.435	19.985	733	33	35	12
11.51	18.485	2242	33	35	13
16.325	17.05	1039	33	35	14
15.11	16.755	78	33	35	15
13.6	16.47	0	34	16	1
14.89	13.075	301	34	16	2
16.055	14.64	168	34	16	3
14.555	16.585	314	34	16	4
15.85	16.355	234	34	16	5
16.575	16.87	188	34	16	6
10.905	18.61	234	34	16	7
11.445	17.88	562	34	16	8
25.035	13.72	209	34	16	9
27.75	12.275	790	34	16	10
26.98	13.145	581	34	16	11
21.725	6.87	169	34	16	12
15.395	6.135	238	34	16	13
12.01	6.665	303	34	16	14
12.945	9.72	301	34	16	15
16.39	13.935	223	34	16	16
16.065	16.96	249	34	16	17
12.65	18.14	192	34	16	18
11.595	17.9	160	34	16	19
10.72	5.82	107	34	16	20
11.525	18.28	2216	34	16	21
7.665	19.96	608	34	16	22
10.015	20.11	342	34	16	23
11.45	19.555	367	34	16	24
16.15	17.21	467	34	16	25
13.185	18.455	287	35	19	1
12.33	17.76	216	35	19	2
15.315	17.25	408	35	19	3
17.965	16.185	253	35	19	4
23.4	13.45	699	35	19	5
29.41	18.025	188	35	19	6
30.19	18.6	487	35	19	7
22.975	19.07	685	35	19	8
8.815	20.1	229	35	19	9
7.29	20.695	431	35	19	10
4.575	18.215	472	35	19	11
7.305	20.255	215	35	19	12
24.15	9.69	331	35	19	13
29.525	11.165	471	35	19	14
29.115	15.13	549	35	19	15
27.93	12.69	458	35	19	16
21.775	13.605	257	35	19	17
13.38	16.205	134	35	19	18
9.95	13.22	399	35	19	19
15.565	16.735	776	35	19	20
22.4	19.115	674	35	19	21
30.06	18.57	841	35	19	22
27.9	18.72	1	35	19	23
