xpos	ypos	fdur	subj	trial	fixation
10.89	16.03	227	1	25	1
16.105	15.79	282	1	25	2
19.19	11.81	268	1	25	3
14.505	13.25	681	1	25	4
8.96	12.055	330	1	25	5
12.08	6.005	426	1	25	6
7.435	5.25	473	1	25	7
6.54	4.685	150	1	25	8
3.605	10.67	104	1	25	9
6.195	20.55	191	1	25	10
24.415	22.25	299	1	25	11
28.515	18.22	288	1	25	12
27.085	12.23	253	1	25	13
23.83	13.935	341	1	25	14
19.455	12.92	256	1	25	15
9.625	16.59	298	1	25	16
7.72	21.19	507	1	25	17
9.975	21.135	242	1	25	18
5.895	13.565	442	1	25	19
2.775	12.125	276	1	25	20
1.345	4.1	115	1	25	21
3.74	14.86	560	1	25	22
6.08	15.175	244	1	25	23
6.04	21.805	427	1	25	24
11.645	22.13	277	1	25	25
19.835	21.645	295	1	25	26
24.675	14.385	362	1	25	27
23.73	16.12	287	1	25	28
18.73	13.89	89	1	25	29
9.08	13.745	168	2	9	1
13.77	16.95	329	2	9	2
12.585	9.485	469	2	9	3
9.7	12.465	638	2	9	4
9.305	17.325	317	2	9	5
10.49	19.125	312	2	9	6
15.05	17	517	2	9	7
20.795	12.47	385	2	9	8
22.165	7.51	382	2	9	9
18.56	5.455	455	2	9	10
23.725	5.68	880	2	9	11
25.5	6.28	1623	2	9	12
24.9	5.925	530	2	9	13
24.47	5.48	2652	2	9	14
12.345	19.555	188	3	11	1
12.755	16.38	128	3	11	2
17.765	10.11	209	3	11	3
22.585	7.15	273	3	11	4
22.57	12.525	45	3	11	5
24.36	20.67	221	3	11	6
13.865	15.025	137	3	11	7
7.75	10.245	212	3	11	8
6.845	7.585	260	3	11	9
15.31	4.24	303	3	11	10
12.545	4.845	164	3	11	11
9.515	3.7	198	3	11	12
9.55	8.145	135	3	11	13
9.425	17.31	308	3	11	14
14.79	16.69	218	3	11	15
18.07	15.285	218	3	11	16
22.54	8.64	165	3	11	17
25.55	4.905	281	3	11	18
23.505	7.86	198	3	11	19
22.505	14.425	149	3	11	20
23.255	21.06	172	3	11	21
24.42	22.94	175	3	11	22
25.695	25.29	284	3	11	23
10.4	17.695	134	3	11	24
5.745	11.58	211	3	11	25
4.05	7.905	185	3	11	26
8.31	10.62	179	3	11	27
16.025	11.345	255	3	11	28
16.675	13.17	265	3	11	29
20.075	10.715	155	3	11	30
19.48	14.015	417	3	11	31
9.165	12.645	211	3	11	32
5.29	13.04	233	3	11	33
4.415	15.345	347	3	11	34
12.985	7.22	292	3	11	35
10.54	3.79	192	3	11	36
13.745	3.42	180	3	11	37
21.53	5.12	239	3	11	38
24.265	7.365	226	3	11	39
22.875	10.62	166	3	11	40
22.955	16.43	250	3	11	41
24.925	17.905	64	3	11	42
9.015	21.77	128	4	36	1
13.66	15.625	190	4	36	2
19.605	12.27	153	4	36	3
24.2	5.945	337	4	36	4
18.86	18.995	337	4	36	5
16.61	13.26	349	4	36	6
15.35	20.25	228	4	36	7
18.315	19.05	316	4	36	8
19.665	17.565	440	4	36	9
17.92	14.865	352	4	36	10
13.94	13.5	258	4	36	11
12.79	4.43	244	4	36	12
14.865	4.955	174	4	36	13
14.29	7.39	274	4	36	14
23.97	6.43	370	4	36	15
26.015	6.43	741	4	36	16
20.46	18.46	98	4	36	17
18.57	20.965	261	4	36	18
15.32	23.6	303	4	36	19
17.17	22.955	362	4	36	20
24.29	9.455	227	4	36	21
25.19	6.995	388	4	36	22
24.085	12.23	314	4	36	23
22.82	15.815	281	4	36	24
23.585	15.66	210	4	36	25
23.075	19.695	224	4	36	26
26.63	23.37	303	4	36	27
27.15	24.445	121	4	36	28
11.85	23.29	133	4	36	29
6.395	22.985	167	4	36	30
13.455	15.565	266	4	36	31
18.485	18.155	280	4	36	32
22.675	15.735	312	5	6	1
18.34	9.42	214	5	6	2
13.07	3.645	252	5	6	3
5.93	6.68	316	5	6	4
6.33	14.415	242	5	6	5
7.555	16.56	221	5	6	6
12.235	19.36	368	5	6	7
17.78	17.715	308	5	6	8
23.97	7.69	323	5	6	9
29.765	6.09	406	5	6	10
15.67	4.615	328	5	6	11
16.505	5.875	137	5	6	12
15.67	18.235	254	5	6	13
17.1	20.095	196	5	6	14
22.99	22.105	165	5	6	15
25.16	23.82	302	5	6	16
13.085	16.54	650	5	6	17
16.77	14.725	462	5	6	18
20.365	10.73	308	5	6	19
23.135	6.11	217	5	6	20
14.815	3.46	306	5	6	21
12.325	9.285	151	5	6	22
13.75	17.01	764	5	6	23
19.115	17.205	508	5	6	24
24.62	16.04	252	5	6	25
28.2	13.2	161	5	6	26
25.785	8.275	248	5	6	27
24.54	6.47	150	5	6	28
15.23	3.675	321	5	6	29
15.595	5.32	174	5	6	30
15.245	14.125	90	5	6	31
15.235	20.255	315	6	12	1
17.41	11.65	395	6	12	2
17.355	18.03	182	6	12	3
22.005	11.03	381	6	12	4
19.805	23.765	344	6	12	5
9.18	16.68	413	6	12	6
5.83	15.825	175	6	12	7
25.465	24.24	478	6	12	8
25.72	25.44	211	6	12	9
14.315	21.73	271	6	12	10
11.15	21.585	354	6	12	11
10.3	22.625	457	6	12	12
18.91	13.5	231	6	12	13
23.06	7.33	415	6	12	14
14.16	6.465	254	6	12	15
10.395	9.04	699	6	12	16
9.19	17.54	271	6	12	17
9.28	19.285	203	6	12	18
5.185	16.76	213	6	12	19
8.965	19.47	502	6	12	20
4.865	15.87	279	6	12	21
10.895	13.34	358	6	12	22
19.12	16.95	783	6	12	23
14.735	14.93	434	6	12	24
22.805	16.355	215	6	12	25
28.385	17.18	348	6	12	26
17.135	15.48	221	7	46	1
12.905	14.205	247	7	46	2
15.92	20.515	258	7	46	3
19.73	22.715	745	7	46	4
14.99	21.56	414	7	46	5
17.47	22.28	1270	7	46	6
11.2	22.3	751	7	46	7
10.03	7.09	292	7	46	8
8.475	5.92	773	7	46	9
3.865	7.665	185	7	46	10
3.055	22.58	417	7	46	11
22.965	24.575	227	7	46	12
27.6	24.59	519	7	46	13
29.67	18.68	147	7	46	14
27.555	3.8	322	7	46	15
20.94	8.785	230	7	46	16
27.68	4.965	191	7	46	17
28.79	3.26	376	7	46	18
29.485	6.185	223	7	46	19
13.81	4.265	637	7	46	20
10.57	6.115	651	7	46	21
11.485	14.245	52	7	46	22
16.37	16.3	156	7	46	23
17.935	20.14	124	7	46	24
9.84	14.74	38	8	27	1
12.35	14.225	159	8	27	2
18.815	10.765	220	8	27	3
22.875	8.395	212	8	27	4
23.955	7.225	181	8	27	5
25.325	6.475	360	8	27	6
18.365	15.68	147	8	27	7
16.56	18.115	342	8	27	8
12.465	14.99	261	8	27	9
10.785	13.86	226	8	27	10
12.575	12.615	165	8	27	11
15.34	11.64	246	8	27	12
19.42	13.43	250	8	27	13
23.32	14.43	271	8	27	14
24.4	15.65	364	8	27	15
18.135	17.64	236	8	27	16
19.46	15.535	68	8	27	17
15.875	4.16	242	8	27	18
24.395	5.455	483	8	27	19
23.43	6.245	296	8	27	20
15.75	1.14	168	8	27	21
16.595	3.425	287	8	27	22
15.005	18.115	669	8	27	23
20.23	22.36	216	8	27	24
24.18	23.54	329	8	27	25
5.88	21.425	367	8	27	26
7.965	22.155	440	8	27	27
10.84	22.885	212	8	27	28
22.87	21.91	290	8	27	29
25.28	21.79	287	8	27	30
19.555	19.8	174	8	27	31
10.26	19.56	140	8	27	32
7.14	20.05	189	8	27	33
8.315	23.445	377	8	27	34
11.025	22.86	234	8	27	35
14.155	16.4	354	9	36	1
17.45	15.84	199	9	36	2
22.685	9.19	233	9	36	3
25.4	7.58	229	9	36	4
17.075	19.53	182	9	36	5
11.78	16.97	279	9	36	6
10.195	19.03	215	9	36	7
23.89	21.43	272	9	36	8
27.225	22.335	553	9	36	9
9.56	21.2	308	9	36	10
6.35	15.035	377	9	36	11
5.235	6.245	310	9	36	12
10.755	7.745	200	9	36	13
15.795	4.28	287	9	36	14
17.475	3.985	311	9	36	15
25.105	6.07	455	9	36	16
26.87	6.02	285	9	36	17
19.585	8.335	338	9	36	18
21.78	10.25	411	9	36	19
20.665	18.235	225	9	36	20
18.365	17.21	228	9	36	21
12.445	17.19	251	9	36	22
6.9	18.42	421	9	36	23
14.805	21.81	370	9	36	24
17.185	23.1	375	9	36	25
26.205	22.065	461	9	36	26
28.74	20.5	528	9	36	27
28.31	15.995	405	9	36	28
29.975	7.545	207	9	36	29
15.105	22.825	472	10	13	1
10.615	20.87	279	10	13	2
10.965	14.91	236	10	13	3
9.625	7.03	398	10	13	4
13.475	4.13	290	10	13	5
20.37	8.615	296	10	13	6
20.795	13.52	193	10	13	7
24.625	24.46	458	10	13	8
6.915	23.515	363	10	13	9
18.55	23.06	260	10	13	10
22.165	24.26	318	10	13	11
26.565	23.7	531	10	13	12
10.675	20.815	289	10	13	13
7.76	15.86	240	10	13	14
4.11	9.405	293	10	13	15
4.78	5.715	190	10	13	16
11.485	4.825	214	10	13	17
13.975	3.54	332	10	13	18
15.545	4.525	335	10	13	19
13.825	3.565	236	10	13	20
25.61	4.525	272	10	13	21
27.69	7.465	273	10	13	22
29.63	8.995	212	10	13	23
29.135	20.055	245	10	13	24
26.765	24.895	270	10	13	25
13.43	23.45	230	10	13	26
4.545	23.195	314	10	13	27
7.405	16.665	172	10	13	28
12.195	14.855	416	10	13	29
9.495	11.75	288	10	13	30
7.055	9.52	192	10	13	31
4.905	3.785	131	10	13	32
8.58	15.87	288	11	10	1
15.505	12.775	288	11	10	2
19.085	16.83	302	11	10	3
21.425	18.45	270	11	10	4
23.13	6.445	354	11	10	5
23.71	12.595	193	11	10	6
24.205	20.19	242	11	10	7
16.405	21.28	227	11	10	8
8.89	16.645	475	11	10	9
15.53	19.835	196	11	10	10
26.09	20.715	289	11	10	11
21.57	18.88	596	11	10	12
16.935	7.525	270	11	10	13
13.565	4.215	378	11	10	14
9.34	7.58	435	11	10	15
16.29	6.045	379	11	10	16
23.535	8.06	546	11	10	17
28.56	11.04	851	11	10	18
27.42	13.895	245	11	10	19
25.025	15.425	1171	11	10	20
20.36	15.06	252	11	10	21
12.365	12.92	395	11	10	22
14.25	15.28	355	11	10	23
8.715	15.195	228	11	10	24
5.27	8.08	44	11	10	25
16.795	8.62	185	12	37	1
15.865	17.33	260	12	37	2
11.615	7.54	548	12	37	3
23.54	6.185	234	12	37	4
27.355	16.4	189	12	37	5
27.86	21.86	177	12	37	6
4.29	21.9	389	12	37	7
7.04	2.615	470	12	37	8
13.325	2.9	413	12	37	9
22.54	8.525	204	12	37	10
18.585	6.75	201	12	37	11
17.71	19.17	497	12	37	12
19.515	19	154	12	37	13
6.745	20.87	501	12	37	14
26.06	20.255	738	12	37	15
26.4	3.18	324	12	37	16
12.48	3.155	435	12	37	17
9.56	6.465	332	12	37	18
7.93	11.765	280	12	37	19
6.465	19.09	330	12	37	20
3.43	22.045	427	12	37	21
14.965	21.67	525	12	37	22
21.23	23.185	238	12	37	23
24.965	24.275	327	12	37	24
24.02	6.56	399	12	37	25
17.545	18.735	331	12	37	26
21.35	13.825	139	13	13	1
15.465	16.025	193	13	13	2
13.65	18.8	374	13	13	3
12.57	15.6	194	13	13	4
21.935	8.365	366	13	13	5
15.185	5.485	409	13	13	6
23.26	6.145	209	13	13	7
24.62	6.335	317	13	13	8
23.96	14.525	190	13	13	9
19.83	18.17	257	13	13	10
15.985	18.97	654	13	13	11
12.77	20.505	742	13	13	12
11.765	20.585	260	13	13	13
7.615	19.89	410	13	13	14
5.465	20.32	432	13	13	15
9.41	15.505	169	13	13	16
10.75	6.985	616	13	13	17
21.86	7.635	272	13	13	18
23.915	6.76	344	13	13	19
24.905	6.225	531	13	13	20
24.315	14.385	184	13	13	21
19.95	17.87	302	13	13	22
17.99	18.49	231	13	13	23
14.135	14.275	375	13	13	24
16.96	15.64	202	13	13	25
18.76	16.61	166	13	13	26
20.095	18.57	206	13	13	27
19.39	20.395	252	13	13	28
12.415	16.44	233	13	13	29
9.055	15.595	101	13	13	30
15.975	11.775	195	14	24	1
14.225	16.755	270	14	24	2
10.455	13.555	252	14	24	3
8.47	8.055	323	14	24	4
14.47	3.405	268	14	24	5
23.025	5.615	293	14	24	6
14.15	18.585	329	14	24	7
12.23	16.23	507	14	24	8
17.375	18.225	288	14	24	9
23.225	17.16	176	14	24	10
26.645	22.155	184	14	24	11
26.085	24.1	291	14	24	12
6.475	22.78	231	14	24	13
3.84	22.28	199	14	24	14
4.475	5.865	532	14	24	15
18.895	3.125	197	14	24	16
29.95	2.53	229	14	24	17
29.46	7.51	192	14	24	18
23.955	19.395	653	14	24	19
23.78	15.095	792	14	24	20
14.98	5.24	329	14	24	21
13.285	4.2	182	14	24	22
10.405	6.31	243	14	24	23
9.555	7.8	190	14	24	24
8.315	16.595	130	14	24	25
6.905	21.34	377	14	24	26
4.5	21.665	151	14	24	27
2.955	22.63	214	14	24	28
15.89	20.025	314	14	24	29
12.47	14.925	391	14	24	30
12.335	17.5	210	14	24	31
22.135	21.705	1	14	24	32
21.055	21.955	238	15	8	1
14.07	19.15	312	15	8	2
15.14	23.105	219	15	8	3
26.73	23.125	610	15	8	4
26.73	4.875	357	15	8	5
27.8	6.43	344	15	8	6
25.67	7.18	210	15	8	7
14.475	3.97	702	15	8	8
6.24	18.44	272	15	8	9
9.235	20.85	227	15	8	10
6.48	16.275	320	15	8	11
4.225	16.125	453	15	8	12
5.105	23.635	326	15	8	13
19.035	22.145	226	15	8	14
26.745	22.745	401	15	8	15
30.18	19.935	436	15	8	16
18.47	17.86	399	15	8	17
27.135	24.09	489	15	8	18
30.905	13.94	352	15	8	19
17.3	15.64	448	15	8	20
12.78	13.675	344	15	8	21
3.01	5.02	326	15	8	22
14.275	3.19	423	15	8	23
27.215	4.05	252	15	8	24
27.19	5.685	357	15	8	25
28.84	8.82	19	15	8	26
9.22	13.04	549	16	6	1
9.81	17.1	147	16	6	2
5.06	22.975	295	16	6	3
8.865	23.775	244	16	6	4
14.925	22.46	174	16	6	5
21.275	19.335	202	16	6	6
24.655	22.525	321	16	6	7
28.78	17.385	609	16	6	8
31.73	13.095	257	16	6	9
26.66	6.27	444	16	6	10
24.53	5.525	602	16	6	11
22.63	5.255	300	16	6	12
24.28	7	674	16	6	13
16.395	4.52	241	16	6	14
14.87	3.695	594	16	6	15
11.06	8.635	156	16	6	16
6.515	8.1	387	16	6	17
9.495	10.24	243	16	6	18
12.365	13.72	245	16	6	19
13.1	16.655	286	16	6	20
12.445	16.085	159	16	6	21
16.05	20.425	208	16	6	22
22.465	20.095	275	16	6	23
27.035	20.68	308	16	6	24
30.98	14.335	307	16	6	25
32.06	14.23	667	16	6	26
26.975	22.885	336	16	6	27
16.01	11.64	176	17	33	1
16.405	17.195	350	17	33	2
25.535	9.32	389	17	33	3
14.265	4.755	355	17	33	4
15.335	20.74	300	17	33	5
24.74	22.295	341	17	33	6
24.37	15.175	230	17	33	7
13.39	12.845	262	17	33	8
8.94	10.315	231	17	33	9
3.36	21.97	287	17	33	10
20.495	23.525	219	17	33	11
27.365	24.33	384	17	33	12
28.04	12.745	266	17	33	13
9.95	11.58	282	17	33	14
4.32	18.49	285	17	33	15
15.855	16.39	549	17	33	16
21.835	8.425	383	17	33	17
5.355	4.575	214	17	33	18
3.825	6.9	222	17	33	19
2.97	22.385	239	17	33	20
4.675	24.295	223	17	33	21
21.72	24.605	292	17	33	22
30.335	24.63	333	17	33	23
26.175	23.87	165	17	33	24
12.775	22.225	260	17	33	25
7.515	15.545	298	17	33	26
4.39	15.915	143	17	33	27
24.455	12.49	357	17	33	28
30.82	4.115	279	17	33	29
26.075	12.445	322	17	33	30
17.685	18.23	155	17	33	31
21.265	9.43	597	18	18	1
25.765	5.915	604	18	18	2
16.555	18.285	428	18	18	3
12.27	18.005	243	18	18	4
11.93	8.76	184	18	18	5
13.785	3.685	283	18	18	6
9.67	3.77	152	18	18	7
4.075	7.345	483	18	18	8
5.275	18.37	188	18	18	9
7.675	21.92	169	18	18	10
4.11	16.495	422	18	18	11
6.195	21.275	202	18	18	12
9.555	22.055	191	18	18	13
15.895	22.105	437	18	18	14
15.695	14.125	651	18	18	15
23.445	18.115	988	18	18	16
27.085	22.77	251	18	18	17
23.38	16.25	1068	18	18	18
24.065	13.03	375	18	18	19
27.2	12.93	744	18	18	20
24.055	10.275	154	18	18	21
17.165	4.995	422	18	18	22
13.93	4.47	146	18	18	23
10.96	12.425	138	18	18	24
16.315	13.97	336	19	44	1
14.245	7.615	400	19	44	2
21.83	6.265	364	19	44	3
15.605	18.005	342	19	44	4
13.29	15.64	1131	19	44	5
14.4	16.1	351	19	44	6
16.29	16.17	233	19	44	7
13.78	6.02	165	19	44	8
16.35	5.03	238	19	44	9
24.48	6.37	482	19	44	10
27.87	6.955	266	19	44	11
26.37	17.115	405	19	44	12
26.465	23.325	358	19	44	13
21.645	20.98	181	19	44	14
15.815	18.96	520	19	44	15
10.12	17.125	523	19	44	16
12.87	14.045	397	19	44	17
9.595	4.875	353	19	44	18
4.455	6.825	403	19	44	19
7.09	18.325	349	19	44	20
9.86	18.505	222	19	44	21
12.625	19.265	1185	19	44	22
5.28	22.5	155	19	44	23
26.39	18.89	153	20	30	1
20.305	17.45	342	20	30	2
23.815	16.455	320	20	30	3
24.245	12.865	440	20	30	4
25.06	6.49	462	20	30	5
17.41	6.815	117	20	30	6
23.32	13.06	419	20	30	7
24.79	6.725	325	20	30	8
22.185	5.685	556	20	30	9
16.175	4.63	337	20	30	10
14.54	4.065	168	20	30	11
10.04	7.085	280	20	30	12
9.915	10.63	479	20	30	13
10.125	22.805	2166	20	30	14
11.14	21.855	453	20	30	15
12.13	21.14	394	20	30	16
6.15	16.12	335	20	30	17
4.27	15.865	366	20	30	18
24.585	22.83	403	20	30	19
27.03	23.365	251	20	30	20
29.77	22.39	326	20	30	21
11.99	22.595	170	20	30	22
9.59	23.11	252	20	30	23
15.96	14.99	237	21	27	1
18.19	18.02	232	21	27	2
24.745	20.265	260	21	27	3
25.475	8.04	270	21	27	4
8.31	20.64	267	21	27	5
15.645	22.255	262	21	27	6
18.285	19.225	304	21	27	7
23.395	16.755	276	21	27	8
27.695	17.055	141	21	27	9
8.485	18.595	391	21	27	10
13.555	17.875	181	21	27	11
20.45	20.43	273	21	27	12
19.5	19.9	307	21	27	13
20.48	19.095	251	21	27	14
9.875	18.75	294	21	27	15
17.535	16.92	309	21	27	16
26.29	20.275	359	21	27	17
25.225	20.04	191	21	27	18
28.14	23.85	196	21	27	19
14.155	21.61	153	21	27	20
5.59	22.185	258	21	27	21
11.695	21.125	170	21	27	22
11	6.53	189	21	27	23
17.94	15.64	371	21	27	24
23.17	20.745	460	21	27	25
25.94	11.64	488	21	27	26
24.875	15.15	324	21	27	27
23.55	20.945	151	21	27	28
27.915	24.41	196	21	27	29
9.55	22.63	236	21	27	30
16.075	17.47	242	21	27	31
19.26	16.515	374	21	27	32
22.82	12.535	103	21	27	33
6.565	20.975	170	22	18	1
15.795	14.935	411	22	18	2
23.265	9.415	426	22	18	3
21.725	12.61	474	22	18	4
25.18	8.305	449	22	18	5
14.4	4.33	505	22	18	6
6.86	3.19	482	22	18	7
7	17.905	854	22	18	8
14.95	18.485	387	22	18	9
12.81	15.815	403	22	18	10
22.535	7.56	399	22	18	11
13.48	3.135	275	22	18	12
21.39	4.825	1198	22	18	13
16.325	17.77	417	22	18	14
12.745	16.145	363	22	18	15
9.16	21.725	451	22	18	16
3.92	22.76	863	22	18	17
20.79	21.37	435	22	18	18
27.605	15.35	353	22	18	19
17.55	13.495	143	23	15	1
13.255	17.985	186	23	15	2
21.29	9.475	245	23	15	3
25.59	7.23	179	23	15	4
16.385	21.115	358	23	15	5
13.55	14.735	376	23	15	6
10.22	11.355	205	23	15	7
5.705	8.42	281	23	15	8
9.835	21.585	294	23	15	9
16.225	22.3	225	23	15	10
18.505	18.57	196	23	15	11
21.155	12.82	316	23	15	12
25.175	7.555	444	23	15	13
20.32	3.96	289	23	15	14
24.4	6.535	229	23	15	15
19.02	16.095	524	23	15	16
17.555	18.66	269	23	15	17
18.55	19.955	629	23	15	18
21.825	8.325	187	23	15	19
24.06	6.325	202	23	15	20
15.235	4.595	408	23	15	21
12.265	5.255	228	23	15	22
5.9	8.51	243	23	15	23
6.735	17.55	234	23	15	24
8.01	23.03	280	23	15	25
18.58	22.09	315	23	15	26
23.305	10.355	223	23	15	27
25.345	6.42	273	23	15	28
18.795	19.195	707	23	15	29
23.905	7.575	408	23	15	30
12.205	15.3	239	24	13	1
17.975	8.98	238	24	13	2
14.99	4.805	228	24	13	3
15.245	17.095	341	24	13	4
12.805	15	240	24	13	5
16.605	6.87	275	24	13	6
21.52	6.53	203	24	13	7
14.41	4.415	266	24	13	8
10.135	8.985	364	24	13	9
12.025	4.26	326	24	13	10
13.86	3.825	397	24	13	11
22.07	7.045	290	24	13	12
21.415	12.43	240	24	13	13
21.61	18.755	272	24	13	14
23.215	17.555	309	24	13	15
24.04	23.11	557	24	13	16
17.115	15.95	221	24	13	17
12.715	17.055	271	24	13	18
8.87	21.25	375	24	13	19
6.85	13.625	397	24	13	20
4.465	17.405	384	24	13	21
12.635	20.735	203	24	13	22
21.39	13.435	728	24	13	23
17.485	10.885	261	24	13	24
12.265	15.355	408	24	13	25
15.87	8.79	264	24	13	26
21.475	6.885	252	24	13	27
15.32	18.055	675	24	13	28
8.55	19.965	361	25	18	1
15.32	17.55	316	25	18	2
18.71	15.245	293	25	18	3
21.19	10.61	176	25	18	4
22.965	6.57	341	25	18	5
15.345	4.165	220	25	18	6
14.065	3.945	410	25	18	7
12.365	7.385	218	25	18	8
11.06	8.135	335	25	18	9
10.29	9.965	459	25	18	10
9.045	11.7	234	25	18	11
5.4	12.68	210	25	18	12
8.64	15.06	207	25	18	13
4.29	15.96	372	25	18	14
6.155	19.935	260	25	18	15
4.445	22.335	380	25	18	16
9.88	22.63	234	25	18	17
18.34	22.56	191	25	18	18
22.04	23.14	150	25	18	19
24.96	23.32	242	25	18	20
27.3	22.46	163	25	18	21
29.78	17.73	389	25	18	22
28.34	16.395	322	25	18	23
26.99	13.295	286	25	18	24
23.37	16.4	959	25	18	25
12.5	15.45	915	25	18	26
22.195	14.825	314	25	18	27
26.23	6.405	141	25	18	28
28.36	5.065	251	25	18	29
15.365	6.635	233	26	18	1
14.83	13.26	274	26	18	2
16.16	17.615	458	26	18	3
14.12	15.82	344	26	18	4
17.59	18.115	879	26	18	5
11.335	13.865	458	26	18	6
10.165	11.595	189	26	18	7
17.595	16.93	254	26	18	8
21.07	14.535	555	26	18	9
18.575	18.365	292	26	18	10
10.995	15.32	303	26	18	11
18.975	17.575	267	26	18	12
22.835	11.02	344	26	18	13
17.965	13.93	249	26	18	14
18.92	19.4	359	26	18	15
14.69	15.86	407	26	18	16
10.745	14.815	168	26	18	17
18.31	17.355	530	26	18	18
16.2	17.51	563	26	18	19
12.31	15.435	241	26	18	20
18.515	17.685	998	26	18	21
15.995	13.305	295	26	18	22
21.785	12.125	274	26	18	23
18.455	15.245	347	26	18	24
20.68	16.665	160	26	18	25
14.905	17.545	310	27	31	1
19.33	10.27	364	27	31	2
23.425	6.73	283	27	31	3
22.07	9.645	211	27	31	4
23.515	14.2	361	27	31	5
25.31	19.325	175	27	31	6
15.225	19.535	326	27	31	7
13.54	13.91	329	27	31	8
10.285	8.685	238	27	31	9
4.26	6.49	144	27	31	10
5.48	21.615	653	27	31	11
12.205	15.93	640	27	31	12
15.33	3.88	641	27	31	13
18.185	2.68	233	27	31	14
22.18	7.385	281	27	31	15
27.12	19.18	1407	27	31	16
28.565	23.44	343	27	31	17
30.31	16.975	241	27	31	18
30.17	8.235	202	27	31	19
29.395	1.95	218	27	31	20
29.87	3.42	172	27	31	21
28.095	19.375	37	27	31	22
27.775	20.82	15	27	31	23
27.235	22.285	306	27	31	24
20.82	23.66	237	27	31	25
14.87	23.395	325	27	31	26
11.36	22.52	260	27	31	27
9.41	22.26	14	27	31	28
19.165	16.675	223	28	4	1
16.005	9.8	321	28	4	2
15.795	14.845	186	28	4	3
16.05	19.61	251	28	4	4
13.72	20.035	222	28	4	5
9.86	20.465	228	28	4	6
8.855	7.615	91	28	4	7
11.17	21.34	226	28	4	8
14.49	21.095	272	28	4	9
14.105	11.385	363	28	4	10
12.485	7.99	235	28	4	11
22.155	9.125	243	28	4	12
24.905	7.14	390	28	4	13
17.765	16.385	207	28	4	14
16.03	20.99	221	28	4	15
9.875	21.935	234	28	4	16
6.37	23.505	285	28	4	17
11.39	6.92	432	28	4	18
10.37	5.94	189	28	4	19
4.84	7.89	368	28	4	20
6.115	19.27	245	28	4	21
8.69	22.355	207	28	4	22
18.54	22.73	464	28	4	23
26.03	24.405	328	28	4	24
27.03	24.305	666	28	4	25
14.885	22.29	247	28	4	26
10.395	22.775	180	28	4	27
6.11	24.095	253	28	4	28
4.845	23.795	274	28	4	29
9.065	16.25	273	28	4	30
12.68	14.955	272	28	4	31
14.535	14.33	244	28	4	32
12.875	16.345	173	28	4	33
13.97	10.985	200	29	22	1
14.96	14.425	145	29	22	2
16.46	17.14	217	29	22	3
18.72	6.78	345	29	22	4
14.18	4.855	242	29	22	5
6.54	6.455	217	29	22	6
12.8	17.215	278	29	22	7
12.345	24.595	243	29	22	8
11.72	13.875	69	29	22	9
12.005	17.12	163	29	22	10
12.43	19.225	277	29	22	11
12.255	16.455	301	29	22	12
24.835	25.67	342	29	22	13
19.79	17.305	158	29	22	14
6.355	15.59	324	29	22	15
4.335	15.95	423	29	22	16
15.805	13.75	309	29	22	17
22.9	10.765	238	29	22	18
25.93	7.255	243	29	22	19
27.01	12.695	370	29	22	20
24.87	12.9	191	29	22	21
21.9	23.055	338	29	22	22
7.065	24.82	402	29	22	24
3.775	19.89	314	29	22	25
4.38	16.245	954	29	22	26
7.955	16.07	170	29	22	27
4.575	16.325	441	29	22	28
7.085	15.745	175	29	22	29
12.485	8.325	352	29	22	30
10.61	6.74	175	29	22	31
13.24	2.725	301	29	22	32
20.125	5.39	132	29	22	33
25.455	6.28	31	29	22	34
25.26	16.325	217	30	6	1
16.75	13.18	415	30	6	2
14.935	16.1	254	30	6	3
8.92	18.6	309	30	6	4
13.55	16.835	393	30	6	5
11.24	13.155	540	30	6	6
11.69	2.995	319	30	6	7
15.135	3.36	436	30	6	8
13.46	3.29	182	30	6	9
28.66	4.195	1477	30	6	10
27.31	5.845	241	30	6	11
29.18	9.58	263	30	6	12
30.08	13.07	243	30	6	13
29.57	21.14	295	30	6	14
25.9	23.505	224	30	6	15
12.855	21.54	248	30	6	16
9.9	21.86	241	30	6	17
3.135	23.835	428	30	6	18
6.325	23.03	622	30	6	19
13.715	13.475	284	30	6	20
4.33	20.93	316	30	6	21
11.285	11.2	307	30	6	22
14.1	4.35	418	30	6	23
6.745	6.995	625	30	6	24
9.395	8.915	161	30	6	25
8.43	18.26	996	31	19	1
8.75	19.96	614	31	19	2
15.025	22.895	217	31	19	3
23.345	24.15	157	31	19	4
29.345	23.485	750	31	19	5
28.115	23.2	415	31	19	6
23.985	22	316	31	19	7
17.51	15.885	344	31	19	8
14.525	14.155	342	31	19	9
14.68	10.535	296	31	19	10
22.575	6.745	262	31	19	11
26.1	5.44	333	31	19	12
25.165	6.76	454	31	19	13
24.795	7.575	375	31	19	14
17.855	10.59	415	31	19	15
20.125	13.38	560	31	19	16
23.86	14.36	272	31	19	17
24.2	14.1	1531	31	19	18
16.75	12.355	270	31	19	19
12.45	7.165	412	31	19	20
12.72	4.45	244	31	19	21
15.055	15.42	285	32	18	1
14.335	19.08	215	32	18	2
21.825	9.255	238	32	18	3
20.5	5.84	169	32	18	4
14.92	3.97	304	32	18	5
8.86	10.59	186	32	18	6
9.495	19.755	334	32	18	7
20.555	22.22	243	32	18	8
27.405	22.94	450	32	18	9
23.28	17.14	287	32	18	10
24.075	14.61	335	32	18	11
23.8	8.625	226	32	18	12
28.25	3.565	203	32	18	13
31.585	6.25	215	32	18	14
28.37	24.56	308	32	18	15
24.685	25.44	196	32	18	16
9.285	24.03	389	32	18	17
6.295	21.945	252	32	18	18
4.405	16.64	512	32	18	19
13.65	13.58	758	32	18	20
4.075	5.695	389	32	18	21
14.44	3.97	478	32	18	22
16.52	4.115	198	32	18	23
3.98	6.46	680	32	18	24
11.5	20.355	392	32	18	25
18.67	25.185	308	32	18	26
21.34	16.83	166	32	18	27
15.89	13.825	430	32	18	28
27.365	8.22	30	32	18	29
15.615	14.985	350	33	3	1
19.335	7.345	389	33	3	2
22.07	10	213	33	3	3
29.435	2.685	675	33	3	4
22.755	18.405	326	33	3	5
15.85	16.275	297	33	3	6
12.97	14.9	835	33	3	7
16.685	15.53	276	33	3	8
15.46	19.575	499	33	3	9
8.85	19.93	376	33	3	10
8.04	18.615	226	33	3	11
14.36	15.795	527	33	3	12
12.77	10.12	225	33	3	13
11.145	8.525	306	33	3	14
13.43	4.08	739	33	3	15
21.195	15.95	356	33	3	16
25.655	19.495	806	33	3	17
16.825	15.24	232	33	3	18
14.805	18.065	272	33	3	19
10.435	21.095	805	33	3	20
5.515	21.475	297	33	3	21
4.345	11.97	364	33	3	22
12.725	12.33	82	33	3	23
14.955	14.38	266	34	29	1
17.485	14.39	527	34	29	2
19.03	15.855	199	34	29	3
18.405	21.235	175	34	29	4
13.55	22.89	160	34	29	5
8.745	23.835	303	34	29	6
9.135	13.34	419	34	29	7
15.715	14.725	192	34	29	8
20.82	15.05	283	34	29	9
23.7	6.92	399	34	29	10
25.175	6.64	531	34	29	11
23.96	10.05	164	34	29	12
26.13	15.795	326	34	29	13
27.665	16.27	161	34	29	14
27.095	22.81	372	34	29	15
20.86	20.715	248	34	29	16
16.345	21.28	554	34	29	17
17.56	20.97	360	34	29	18
14.63	20.335	229	34	29	19
15.185	11.27	585	34	29	20
10.45	11.58	362	34	29	21
9.41	14.83	245	34	29	22
8.01	17.625	404	34	29	23
7.18	18.075	292	34	29	24
11.35	17.775	244	34	29	25
17.44	17.225	440	34	29	26
18.37	16.24	274	34	29	27
17.01	12.58	189	34	29	28
15.81	5.105	245	34	29	29
20.965	8.145	154	34	29	30
15.12	15.76	324	35	9	1
16.77	17.51	181	35	9	2
24.745	18.28	518	35	9	3
12.045	11.19	298	35	9	4
9.055	5.335	431	35	9	5
12.845	12.935	323	35	9	6
15.365	14.445	239	35	9	7
22.845	17.41	239	35	9	8
27.075	8.79	277	35	9	9
26.01	5.815	266	35	9	10
24.865	22.38	263	35	9	11
30.205	23.585	229	35	9	12
10.29	20.66	357	35	9	13
4.255	14.66	381	35	9	14
10.07	13.045	291	35	9	15
9.91	5.07	288	35	9	16
12.735	3.425	316	35	9	17
29.515	2.39	288	35	9	18
23.545	19.88	166	35	9	19
14.78	25.625	234	35	9	20
6.24	24.575	276	35	9	21
19.435	25.26	450	35	9	22
15.965	18.285	276	35	9	23
14.575	14.88	208	35	9	24
26.35	22.365	377	35	9	25
28.085	24.415	121	35	9	26
27.525	15.855	147	35	9	27
25.03	23.06	258	35	9	28
13.135	20.33	376	35	9	29
10.945	22.6	415	35	9	30
